K =

    1.5000         0   -0.0000         0   -0.5000   -0.0833   -0.2500         0         0         0         0         0   -0.5000    0.0833   -0.2500         0
         0    1.5000         0         0    0.2500   -0.5000   -0.3333         0         0         0         0         0   -0.2500   -0.5000    0.3333         0
   -0.0000         0    1.1667         0    0.0833   -0.4444   -0.5000         0         0         0         0         0    0.0833    0.4444   -0.5000         0
         0         0         0    2.0000         0         0         0   -1.0000         0         0         0         0         0         0         0   -1.0000
   -0.5000    0.2500    0.0833         0    1.5000    0.0000         0         0   -0.5000    0.2500   -0.0833         0         0         0         0         0
   -0.0833   -0.5000   -0.4444         0    0.0000    1.1667         0         0   -0.0833   -0.5000    0.4444         0         0         0         0         0
   -0.2500   -0.3333   -0.5000         0         0         0    1.5000         0    0.2500    0.3333   -0.5000         0         0         0         0         0
         0         0         0   -1.0000         0         0         0    2.0000         0         0         0   -1.0000         0         0         0         0
         0         0         0         0   -0.5000   -0.0833    0.2500         0    1.5000         0    0.0000         0   -0.5000    0.0833    0.2500         0
         0         0         0         0    0.2500   -0.5000    0.3333         0         0    1.5000         0         0   -0.2500   -0.5000   -0.3333         0
         0         0         0         0   -0.0833    0.4444   -0.5000         0    0.0000         0    1.1667         0   -0.0833   -0.4444   -0.5000         0
         0         0         0         0         0         0         0   -1.0000         0         0         0    2.0000         0         0         0   -1.0000
   -0.5000   -0.2500    0.0833         0         0         0         0         0   -0.5000   -0.2500   -0.0833         0    1.5000   -0.0000         0         0
    0.0833   -0.5000    0.4444         0         0         0         0         0    0.0833   -0.5000   -0.4444         0   -0.0000    1.1667         0         0
   -0.2500    0.3333   -0.5000         0         0         0         0         0    0.2500   -0.3333   -0.5000         0         0         0    1.5000         0
         0         0         0   -1.0000         0         0         0         0         0         0         0   -1.0000         0         0         0    2.0000


K_inv =

    1.0681    0.0000    0.3208   -0.0000    0.4097    0.1042    0.3500    0.0000    0.1681    0.0000    0.2792   -0.0000    0.4097   -0.1042    0.3500    0.0000
   -0.0000    1.4654   -0.0000    0.0000   -0.3500    0.9000    0.1846    0.0000    0.0000    0.6346   -0.0000    0.0000    0.3500    0.9000   -0.1846    0.0000
    0.3208    0.0000    2.2625   -0.0000   -0.1042    0.8125    0.9000    0.0000   -0.2792    0.0000    0.1375   -0.0000   -0.1042   -0.8125    0.9000    0.0000
   -0.0000   -0.0000   -0.0000    0.3125    0.0000   -0.0000   -0.0000   -0.0625    0.0000   -0.0000   -0.0000   -0.1875   -0.0000   -0.0000   -0.0000   -0.0625
    0.4097   -0.3500   -0.1042   -0.0000    1.0681   -0.3208    0.0000   -0.0000    0.4097   -0.3500    0.1042   -0.0000    0.1681   -0.2792    0.0000   -0.0000
    0.1042    0.9000    0.8125    0.0000   -0.3208    2.2625   -0.0000    0.0000    0.1042    0.9000   -0.8125    0.0000    0.2792    0.1375   -0.0000    0.0000
    0.3500    0.1846    0.9000   -0.0000   -0.0000    0.0000    1.4654    0.0000   -0.3500   -0.1846    0.9000   -0.0000    0.0000    0.0000    0.6346    0.0000
   -0.0000   -0.0000   -0.0000   -0.0625    0.0000   -0.0000   -0.0000    0.3125    0.0000   -0.0000   -0.0000   -0.0625    0.0000    0.0000   -0.0000   -0.1875
    0.1681   -0.0000   -0.2792    0.0000    0.4097    0.1042   -0.3500   -0.0000    1.0681   -0.0000   -0.3208    0.0000    0.4097   -0.1042   -0.3500    0.0000
   -0.0000    0.6346   -0.0000    0.0000   -0.3500    0.9000   -0.1846    0.0000    0.0000    1.4654   -0.0000    0.0000    0.3500    0.9000    0.1846    0.0000
    0.2792    0.0000    0.1375   -0.0000    0.1042   -0.8125    0.9000    0.0000   -0.3208    0.0000    2.2625   -0.0000    0.1042    0.8125    0.9000    0.0000
   -0.0000   -0.0000   -0.0000   -0.1875    0.0000   -0.0000   -0.0000   -0.0625    0.0000    0.0000   -0.0000    0.3125    0.0000    0.0000   -0.0000   -0.0625
    0.4097    0.3500   -0.1042    0.0000    0.1681    0.2792   -0.0000    0.0000    0.4097    0.3500    0.1042    0.0000    1.0681    0.3208   -0.0000    0.0000
   -0.1042    0.9000   -0.8125    0.0000   -0.2792    0.1375   -0.0000    0.0000   -0.1042    0.9000    0.8125    0.0000    0.3208    2.2625   -0.0000    0.0000
    0.3500   -0.1846    0.9000   -0.0000    0.0000    0.0000    0.6346    0.0000   -0.3500    0.1846    0.9000   -0.0000    0.0000    0.0000    1.4654    0.0000
   -0.0000   -0.0000   -0.0000   -0.0625    0.0000   -0.0000   -0.0000   -0.1875    0.0000   -0.0000   -0.0000   -0.0625    0.0000    0.0000   -0.0000    0.3125


K_rhs =

    0.5000         0         0         0         0         0         0         0         0         0         0         0         0         0         0         0
         0    0.1667         0         0         0         0         0         0         0         0         0         0         0         0         0         0
    0.1667         0         0         0         0         0         0         0         0         0         0         0         0         0         0         0
         0         0         0         0         0         0         0         0         0         0         0         0         0         0         0         0
         0         0         0         0    0.5000         0         0         0         0         0         0         0         0         0         0         0
         0         0         0         0   -0.1667         0         0         0         0         0         0         0         0         0         0         0
         0         0         0         0         0         0    0.1667         0         0         0         0         0         0         0         0         0
         0         0         0         0         0         0         0         0         0         0         0         0         0         0         0         0
         0         0         0         0         0         0         0         0    0.5000         0         0         0         0         0         0         0
         0         0         0         0         0         0         0         0         0    0.1667         0         0         0         0         0         0
         0         0         0         0         0         0         0         0   -0.1667         0         0         0         0         0         0         0
         0         0         0         0         0         0         0         0         0         0         0         0         0         0         0         0
         0         0         0         0         0         0         0         0         0         0         0         0    0.5000         0         0         0
         0         0         0         0         0         0         0         0         0         0         0         0    0.1667         0         0         0
         0         0         0         0         0         0         0         0         0         0         0         0         0         0    0.1667         0
         0         0         0         0         0         0         0         0         0         0         0         0         0         0         0         0


